15871 202414 
15900 201979 
15903 199467 
15962 199405 
15981 198593 
15996 197395 
16015 196709 
16028 194448 
16125 192888 
16140 191690 
16173 184907 
16263 184097 
16292 183662 
16307 181177 
16361 179699 
16446 175140 
16448 173494 
16548 170715 
16571 170121 
16600 169686 
16637 168716 
16696 168654 
16728 165707 
16902 163388 
17177 163345 
17197 162791 
17222 162638 
17238 161500 
17317 160569 
17396 160319 
17400 159337 
17412 159181 
17592 159067 
17629 157394 
17675 157294 
17736 156588 
17763 155293 
17812 154457 
17878 153526 
17890 152808 
17925 151990 
18022 151954 
18036 151773 
18060 150049 
18106 148977 
18137 148723 
18190 147993 
18214 146269 
18284 145631 
18308 143907 
18332 135533 
18429 131742 
18488 128929 
18928 128517 
19068 126083 
19101 125853 
19142 123770 
19316 119365 
19439 119148 
19455 117877 
19774 116732 
19795 116453 
19826 116281 
19914 116174 
19944 116121 
19965 114793 
20042 112563 
20311 112323 
20380 111757 
20470 110947 
20507 110130 
20637 109929 
20737 109476 
20844 107920 
20922 107094 
21016 104543 
21169 104115 
21244 103203 
21301 101293 
21379 100467 
21694 100205 
21860 99883 
21910 99728 
21924 99461 
21998 96393 
22943 95868 
23131 94941 
23148 91136 
23225 90611 
23458 88639 
23476 86356 
23553 85831 
23753 85268 
23855 84506 
23932 83981 
24023 83569 
24039 83520 
24090 83115 
24123 81753 
24230 81292 
24315 80249 
24554 80222 
24559 79652 
24580 79011 
24694 78399 
24801 77938 
24938 77802 
25060 77572 
25065 77057 
25290 76959 
25300 75358 
25421 75071 
25646 74997 
25755 74906 
25824 74340 
25950 74261 
25961 74204 
25990 73885 
26120 73526 
26396 72288 
26424 72016 
26550 71937 
26659 71922 
26734 71903 
26779 71866 
26899 71671 
26949 71604 
26952 71337 
27006 71210 
27115 71195 
27117 70687 
27164 70674 
27234 70559 
27255 70482 
27281 70233 
27334 70093 
27403 70018 
27472 69452 
27579 68448 
27911 68070 
27923 66747 
28140 66354 
28315 66107 
28465 66048 
28509 65877 
28511 65746 
28556 64108 
28855 64045 
28925 63631 
28927 63500 
28962 63363 
29023 63006 
29189 62834 
29271 61799 
29367 61305 
29767 61053 
29842 58993 
30592 58812 
30602 58764 
30699 58351 
30802 58259 
30936 57930 
31348 57792 
31393 57381 
31432 57184 
31697 56828 
31853 56535 
31986 56283 
32126 56214 
32138 55533 
32204 55513 
32320 55449 
32527 55248 
32634 54787 
32899 54783 
33033 54454 
33298 54450 
33423 54167 
33595 54108 
33729 53779 
33919 53524 
34074 53309 
34318 53191 
34424 53063 
34708 52904 
35048 52673 
35238 52418 
35404 52280 
35637 52085 
35803 51947 
35894 51755 
36214 51368 
36435 51295 
36494 51255 
36590 51080 
36593 50854 
36919 49900 
37144 49711 
37567 49635 
37615 49239 
37674 49174 
37771 48761 
38310 48509 
38583 48403 
38594 48401 
38647 48202 
38709 48176 
38806 47763 
38866 47753 
39152 47741 
39205 47430 
39648 47379 
39682 47204 
39837 46989 
40081 46871 
40451 46840 
40672 46739 
40702 46698 
40927 46641 
40986 46590 
41062 46452 
41141 46375 
41283 46248 
41319 45913 
41424 45868 
41426 45452 
41710 45344 
41833 44750 
42467 44345 
42622 44130 
42906 44022 
43069 43687 
43450 43588 
43533 43212 
43690 42789 
43731 42702 
44195 42328 
44344 41890 
44725 41791 
44880 41576 
45189 41474 
45246 41402 
45627 41303 
46091 40986 
46323 40628 
47014 40588 
47169 40373 
47550 40274 
47834 40166 
48246 39599 
50356 39574 
50379 39345 
50639 39336 
50948 39234 
51180 38876 
53271 38850 
53313 38622 
53354 38583 
53475 38566 
54023 38416 
54063 38367 
54228 38006 
54550 37793 
54633 37526 
55101 37446 
55342 37310 
55507 36949 
55975 36869 
56386 36804 
56672 35861 
58638 35806 
59155 35669 
59804 35432 
61066 35381 
61457 35107 
61476 34982 
62944 34288 
63464 33985 
64079 33976 
64177 33753 
64447 33228 
65135 32828 
65655 32525 
66036 32426 
66368 32293 
66638 31768 
66763 31710 
67516 31695 
67625 31680 
68229 31463 
68620 31226 
68656 31197 
68947 31100 
69056 31085 
69111 30737 
69612 30662 
70132 30359 
70542 30142 
71053 30122 
71098 29719 
71803 29202 
73976 28887 
74426 28725 
74549 28576 
75873 27681 
76320 27662 
77154 27539 
77231 26863 
78278 26830 
78893 26821 
79409 26500 
80394 26403 
80869 26386 
81441 26370 
81492 26311 
82400 26251 
82882 26055 
83047 26023 
83636 25999 
84013 25725 
86049 25614 
86520 25578 
87004 25476 
87490 25299 
91041 25169 
92144 25080 
92589 24995 
92666 24934 
92751 24865 
93627 24855 
93769 24845 
94016 24832 
94031 24737 
94072 24737 
94151 24714 
94210 24669 
94330 24646 
94335 24575 
94514 24507 
94747 24487 
95037 24435 
95157 24412 
95216 24367 
95336 24344 
95562 24319 
95682 24296 
95824 24211 
95944 24188 
96003 24143 
96123 24120 
96751 24096 
96871 24073 
97089 24045 
97148 24000 
97231 23960 
97410 23892 
97850 23860 
97878 23830 
97933 23820 
98057 23762 
98112 23752 
98446 23731 
98805 23715 
98903 23710 
98980 23682 
99160 23673 
99165 23602 
99344 23534 
99560 23530 
99588 23526 
99643 23406 
100052 23345 
100230 23324 
100278 23312 
100284 23275 
100578 23211 
100871 23193 
101453 23143 
101577 23048 
101611 22827 
102444 22760 
102954 22590 
103431 22525 
103541 22508 
103678 22335 
104265 22253 
104941 22250 
105043 22138 
105447 22126 
106034 22044 
106121 21923 
106708 21841 
106860 21820 
107219 21743 
107322 21673 
107584 21565 
108171 21483 
109091 21464 
109109 21354 
109564 21346 
109662 21331 
109914 21193 
110762 21149 
110863 21081 
111450 20999 
111963 20840 
113204 20798 
113228 20765 
113815 20683 
113916 20615 
114503 20533 
115649 20531 
115718 20482 
116752 20435 
117336 20312 
117496 20248 
117758 20140 
118184 20098 
118771 20016 
119805 19969 
120754 19959 
120965 19911 
121079 19889 
121341 19877 
121426 19865 
121604 19791 
121866 19683 
122150 19610 
122453 19601 
122737 19528 
123771 19481 
124196 19311 
124783 19229 
125775 19207 
125936 19167 
126258 19153 
126362 19125 
126419 19113 
126845 19071 
127542 19050 
127679 18877 
128162 18823 
128266 18795 
128749 18741 
129741 18719 
129902 18679 
130328 18637 
130789 18615 
131407 18580 
131645 18389 
132232 18307 
134168 18209 
134329 18169 
134755 18127 
135386 18107 
135789 18080 
135869 17869 
137946 17658 
139813 17597 
140450 17575 
140768 17550 
140810 17504 
141355 17468 
141729 17441 
141857 17436 
142316 17359 
143271 17312 
143307 17221 
143894 17139 
146147 17088 
146722 17082 
146758 16991 
147217 16950 
148843 16883 
148868 16846 
149902 16799 
150198 16733 
151232 16686 
151492 16683 
151900 16673 
152487 16591 
153062 16585 
153521 16544 
153529 16370 
154563 16323 
155231 16310 
155818 16228 
156393 16222 
156852 16181 
157427 16175 
157592 16172 
158095 16162 
158682 16080 
159716 16033 
160072 15948 
160490 15844 
162361 15806 
163359 15798 
163560 15765 
164210 15757 
164785 15751 
165327 15683 
166223 15650 
166564 15452 
171911 15448 
172107 15433 
175867 15423 
176454 15341 
176650 15326 
178274 15319 
179811 15282 
181111 15174 
198408 15086 
198473 15042 
199632 15029 
200791 14950 
202748 14928 
203335 14846 
204494 14833 
205653 14754 
206240 14672 
207399 14659 
