19002 142739 
19189 140690 
19253 140465 
19310 139324 
19333 138404 
19338 135482 
19411 135382 
19489 133779 
19525 133433 
19555 133096 
19646 132067 
19650 130935 
19680 130902 
19746 130219 
19790 129781 
19824 128616 
19859 127653 
20003 125367 
20134 124483 
20188 123671 
20375 121622 
20426 120619 
20489 120410 
20510 119082 
20613 118570 
20622 117696 
20634 117242 
20725 117184 
20746 115856 
20782 114128 
20948 113407 
20969 112079 
21068 111268 
21081 110693 
21223 110232 
21255 109219 
21397 107913 
21559 107882 
21593 104261 
21611 103473 
21674 103264 
21761 102060 
21774 101485 
21798 101424 
21872 101046 
21948 100011 
22078 99730 
22164 99299 
22315 98484 
22388 97655 
22462 97277 
22538 96242 
22665 93962 
23051 93699 
23072 92371 
23202 92090 
23219 90921 
23574 90488 
23894 90299 
23967 88065 
24993 86912 
25209 86200 
25490 85559 
25599 85308 
25706 84847 
25836 84566 
26087 84561 
26094 83985 
26180 83887 
26239 83533 
26584 82531 
26726 82166 
26754 81827 
26838 81625 
26888 81146 
26926 81017 
26954 80199 
27012 79306 
27186 79236 
27238 79133 
27362 79124 
27431 78640 
27470 78423 
27486 78346 
27489 77747 
27651 77710 
27708 77292 
27759 77009 
27771 76246 
27778 75953 
27829 75670 
28011 75264 
28067 74539 
28167 74519 
28175 73838 
28464 73790 
28472 73756 
28484 73702 
28541 73284 
28554 72363 
28611 71945 
28798 71293 
28900 70531 
29111 70132 
29181 68793 
29568 68191 
29980 66910 
30469 66505 
30499 64486 
30824 64308 
31107 64129 
31123 63829 
31298 63348 
31351 63306 
31579 63133 
31614 62996 
31638 62935 
31749 62827 
31754 62621 
31761 62393 
31828 61747 
31984 61103 
32042 59910 
32597 59772 
32622 59667 
32659 59512 
32694 59375 
32841 58772 
32952 58664 
33106 58493 
33297 58045 
33735 57863 
34008 57847 
34068 57573 
34103 57436 
34387 57328 
34464 57151 
34598 57036 
34633 56899 
34729 56872 
34921 56648 
35055 56533 
35387 56467 
35540 56114 
35783 56045 
35917 55930 
36070 55577 
36383 55502 
36719 55476 
36744 55217 
37115 55137 
37391 54636 
37540 54513 
37796 54261 
37945 54138 
37997 54010 
38005 53855 
38253 53758 
38326 53724 
38402 53635 
38475 53601 
38575 53515 
38597 53374 
38732 52607 
38881 52484 
39165 52296 
39262 52070 
39623 52015 
39772 51892 
39845 51648 
39994 51525 
40014 51461 
40163 51338 
40375 51111 
40524 50988 
40678 50758 
40827 50635 
40847 50571 
40996 50448 
41111 50447 
41260 50324 
41280 50260 
41429 50137 
41818 50105 
41847 49911 
41866 49721 
42015 49598 
42208 49561 
42294 49527 
42357 49438 
42377 49374 
42388 49287 
42396 49184 
42537 49164 
42545 49061 
42656 48737 
42793 48461 
43077 48353 
43182 48350 
43225 47795 
43394 46854 
44015 46564 
44341 46436 
44353 46296 
44571 46141 
44608 45967 
44760 45615 
45012 45538 
45086 45487 
45192 44949 
45326 44876 
45449 44808 
45610 44768 
45931 44496 
46036 43834 
46201 43616 
46387 43497 
46733 43366 
47048 43292 
47073 43083 
47100 42754 
47152 42706 
47389 42690 
47471 42042 
48102 41947 
48127 41738 
48250 41636 
48280 41560 
48534 41528 
48566 41075 
48689 40973 
48690 40608 
49193 40458 
49477 40350 
49479 39973 
49753 39893 
49805 39845 
49954 39840 
50037 39785 
50093 39594 
50216 39492 
50377 39486 
50543 38893 
50827 38785 
51006 38492 
51369 38471 
51579 38084 
51863 37976 
51867 37842 
52151 37734 
52405 37662 
52418 37557 
52689 37554 
52702 37449 
52862 37400 
52974 36999 
53001 36755 
53043 36735 
53327 36627 
53944 36397 
54169 36243 
54550 36144 
54688 35642 
55069 35543 
55156 35440 
55198 35420 
55422 35305 
55652 34741 
55694 34721 
56033 34642 
56075 34622 
56359 34514 
56478 34319 
56520 34299 
56804 34191 
57201 34130 
57272 34111 
57320 33935 
57646 33807 
58069 33799 
58261 33798 
58430 33522 
58882 33463 
59234 33382 
59327 33140 
59679 33059 
60294 33050 
61486 32994 
61530 32993 
61645 32984 
61808 32975 
61867 32895 
62038 32820 
62119 32790 
62403 32682 
62730 32378 
63056 32250 
63398 32149 
63732 32066 
64113 31967 
64455 31866 
64642 31739 
65172 31429 
66476 31339 
66700 31337 
66701 30938 
68612 30832 
69004 30416 
69064 30310 
70841 30243 
71377 30154 
71424 30154 
71529 30093 
71794 30026 
71829 29860 
72216 29718 
72855 29542 
73052 29468 
73438 29453 
73543 29392 
74257 29325 
74262 29291 
74296 29227 
74945 29175 
75210 29153 
75413 29095 
75664 29074 
75698 29010 
75751 28927 
76334 28838 
76439 28777 
76758 28497 
77444 28481 
77849 28441 
78289 28318 
78505 28255 
79002 28086 
79440 28075 
79756 28030 
80143 27940 
80593 27720 
81434 27654 
81612 27516 
81826 27378 
82020 27155 
83225 27012 
83380 26797 
83835 26703 
84590 26507 
84874 26399 
85432 26382 
85587 26167 
86487 26163 
86534 26162 
87121 25957 
87247 25930 
87689 25857 
87900 25800 
87902 25791 
88028 25764 
88331 25667 
88615 25559 
88741 25532 
88791 25476 
89394 25402 
89996 25333 
90777 25167 
91206 25043 
91490 24935 
92495 24758 
93167 24724 
93924 24651 
94462 24622 
94834 24582 
95128 24130 
98141 24072 
98177 24071 
98400 24046 
98667 23937 
98829 23922 
99096 23813 
99380 23705 
100385 23528 
101057 23494 
101399 23478 
101459 23461 
101528 23381 
101564 23302 
101812 23273 
102114 23190 
102398 23082 
103403 22905 
104152 22880 
104812 22854 
104858 22834 
105205 22762 
105602 22677 
105714 22406 
108409 22357 
108966 22296 
109115 22275 
110384 22222 
110735 22217 
111019 22109 
111674 22084 
111782 22059 
112428 22024 
113015 21908 
113351 21873 
113475 21866 
113510 21805 
113984 21510 
116952 21508 
117236 21400 
118061 21381 
118379 21330 
118846 21314 
118888 20974 
122140 20864 
123863 20822 
123902 20794 
