15256 186755 
15291 164924 
15402 161683 
15503 159258 
15579 156536 
15652 155838 
15723 154453 
15744 153671 
15859 152362 
15909 151759 
15930 150977 
16022 150684 
16054 150303 
16137 149375 
16208 147990 
16291 147890 
16304 147535 
16332 147316 
16396 147242 
16418 146602 
16501 146502 
16503 146146 
16511 145933 
16526 144003 
16625 143669 
16749 142995 
16835 142281 
16854 141778 
16902 141356 
16924 139900 
17007 139800 
17048 139226 
17134 138512 
17271 137182 
17298 136458 
17823 135525 
18002 135089 
18075 134391 
18167 133766 
18199 133717 
18250 133666 
18291 133092 
18340 132967 
18374 132247 
18462 131922 
18466 131622 
18626 131610 
18699 130912 
18791 130287 
18866 126870 
19413 126272 
19472 125457 
19668 123134 
19901 122042 
19962 121464 
19971 120513 
19982 120085 
20008 119103 
20010 118686 
20065 118675 
20224 117631 
20297 117504 
20299 116545 
20459 115277 
20507 114893 
20580 114766 
20707 114354 
20712 114016 
20715 113992 
20798 113357 
20925 112945 
20958 112089 
21211 110828 
21214 110804 
21320 110177 
21414 109771 
21424 108992 
21603 107978 
21705 107213 
22009 107074 
22115 106447 
22132 105905 
22149 105095 
22318 105025 
22392 104699 
22531 103894 
22599 103246 
22663 101769 
23029 101692 
23191 101604 
23219 101277 
23267 101028 
23287 100629 
23411 100491 
23520 100413 
23573 100403 
23583 99884 
23664 99359 
23672 99128 
23717 99075 
23724 98910 
23772 98523 
23861 98521 
23874 97971 
23882 97740 
23920 97114 
24108 96995 
24116 96764 
24138 96509 
24189 96506 
24193 96396 
24211 95201 
24219 94970 
24319 94365 
24429 93582 
24485 93105 
24655 92837 
24663 92606 
24776 91431 
24873 91218 
24959 91197 
25102 90756 
25120 89672 
25206 89651 
25289 88462 
25430 87679 
25752 86358 
25975 84367 
26181 82999 
26250 82815 
26294 80525 
26897 80294 
26904 79824 
26950 79766 
26973 79640 
27037 79462 
27042 79450 
27089 79383 
27158 79199 
27208 79038 
27277 78854 
27295 78734 
27346 78647 
27364 78550 
27386 77691 
27418 77650 
27505 77346 
27552 77279 
27621 77095 
27639 76975 
27708 76791 
27762 75891 
27849 75587 
28110 75569 
28142 75528 
28225 75149 
28248 75023 
28312 74845 
28355 74831 
28421 74802 
28433 74582 
28486 73769 
28573 73465 
28796 73329 
28804 73103 
28891 72799 
28896 72478 
28983 72174 
29125 72016 
29212 71712 
29427 71355 
29514 71051 
29733 71025 
29842 70920 
29875 70867 
29933 70513 
30124 69945 
30256 69577 
30343 69273 
30566 68973 
30604 68972 
30652 68810 
30777 68751 
30797 68611 
30832 68482 
30842 67667 
30962 67580 
31118 67524 
31160 67052 
31252 66427 
31481 65965 
31829 65917 
31854 65530 
31941 65226 
32080 65221 
32170 64764 
32309 64759 
32357 64510 
32586 64048 
32780 63901 
32911 63862 
33021 63634 
33152 63520 
33188 63151 
33237 62598 
33775 61785 
34495 61721 
34643 61469 
34927 61414 
34936 61167 
34994 61152 
35016 61034 
35160 60970 
35361 60854 
35481 60474 
35592 60425 
35604 60410 
35677 60265 
35735 59891 
35900 59192 
36121 58808 
36325 58793 
36374 58540 
36436 57160 
36818 57133 
36910 56508 
37156 55953 
37276 55815 
37323 55574 
37474 55287 
37566 54662 
38340 54595 
38375 53258 
39026 52422 
39224 52328 
39258 52237 
39313 51756 
39506 51599 
39649 51479 
39765 51342 
39838 51196 
39881 51039 
39950 50785 
40060 50257 
40461 49998 
40626 49729 
40660 49675 
40683 49059 
41755 48675 
42268 48114 
42485 48090 
42844 47505 
43509 47229 
43627 46953 
44229 46769 
44292 46677 
44795 46241 
45012 46217 
45102 46173 
45410 46028 
45627 46004 
45723 45754 
46075 45752 
46325 45523 
46373 45415 
46510 45083 
46891 44995 
47143 44857 
47360 44833 
47425 44750 
47507 44440 
47711 44410 
47805 44362 
47821 44271 
47986 44251 
48262 44160 
48277 43882 
48435 43859 
48566 43340 
48763 43137 
49044 43125 
49126 42994 
49189 42372 
49378 42119 
49480 42003 
49669 41750 
49917 41739 
50114 41736 
50208 41370 
50553 41218 
50678 41132 
50742 40965 
50837 40955 
50969 40763 
51179 40636 
51281 40585 
51470 40267 
51907 40003 
52110 39996 
52198 39634 
52321 38447 
53012 37862 
53832 37650 
54277 37560 
54316 36620 
55136 36408 
55457 35246 
57353 35089 
57685 34935 
57981 34774 
58142 34665 
58385 34508 
58497 34309 
59187 34243 
59291 33906 
60279 33771 
60446 33692 
60492 33618 
60643 33514 
61110 33236 
61156 33162 
62043 33119 
62109 32893 
62132 32767 
62178 32693 
62841 32544 
62887 32470 
62967 32336 
63013 32262 
63268 32202 
63337 32002 
63383 31928 
63824 31818 
64315 31730 
64342 31650 
64735 31536 
64941 31142 
66011 31088 
66402 31020 
66463 30834 
66689 30661 
67161 30629 
67402 30578 
67873 30523 
67919 30449 
67934 30297 
68575 30278 
68719 29843 
68960 29792 
70352 29630 
70421 29319 
71134 29236 
71149 29084 
72593 28967 
73115 28884 
73250 28834 
73365 28767 
73703 28667 
74223 28537 
74371 28500 
74599 28486 
74645 28434 
74848 28368 
75026 28367 
75122 28302 
75125 28148 
75298 28044 
75334 28008 
75576 27735 
75850 27669 
76227 27620 
76791 27556 
76810 27454 
76932 27431 
77084 27388 
77206 27365 
77583 27316 
77691 27277 
77710 27175 
77803 26957 
79199 26940 
79218 26838 
79340 26805 
79492 26772 
79931 26755 
80140 26678 
80262 26645 
80414 26612 
80574 26534 
80848 26468 
81496 26374 
81770 26308 
82408 26230 
82682 26164 
83059 26115 
83224 26106 
83330 26070 
83507 26040 
83507 26050 
83604 26004 
83694 25761 
85015 25703 
85277 25586 
86054 25543 
86339 25493 
86575 25465 
86729 25457 
86849 25399 
87391 25341 
88000 25081 
88713 24998 
89465 24773 
90296 24707 
90662 24678 
91009 24624 
91632 24537 
91652 24403 
91761 24399 
92034 24260 
92584 24222 
92710 23194 
92994 22931 
94175 22886 
94532 22780 
94634 22265 
95061 21863 
96520 21594 
96715 21327 
97985 21286 
98342 21180 
98606 21061 
99668 20996 
100289 20771 
101288 20666 
101719 20538 
102240 20351 
102701 20318 
103178 20269 
103239 20255 
103424 20213 
104131 20085 
105069 20003 
105190 19835 
106128 19753 
106374 19697 
107233 19696 
107527 19657 
108343 19548 
108721 19331 
109659 19249 
110477 19141 
111533 19123 
111582 19084 
112844 19063 
113277 18827 
113600 18532 
116254 18318 
119143 18218 
119346 17931 
120608 17910 
121713 17853 
123262 17696 
124036 17614 
128120 17441 
137888 17415 
139045 17340 
139791 17331 
139945 17256 
140402 17185 
141188 17154 
142088 17070 
142874 17039 
143629 17011 
144415 16980 
145534 16863 
145587 16858 
146911 16844 
147074 16755 
148761 16689 
150386 16670 
151257 16553 
152043 16522 
152143 16510 
154799 16260 
