18193 144014 
18263 142485 
18341 141853 
18407 141095 
18505 140544 
18558 135830 
18604 132502 
18679 131734 
18853 131189 
18923 129660 
18965 129192 
19050 129086 
19094 128756 
19173 126492 
19264 125423 
19435 124519 
19506 123482 
19611 122705 
19638 121981 
19888 109592 
20181 109093 
20308 107603 
20392 104796 
20666 103411 
20808 102243 
20969 100705 
21052 100365 
21243 99752 
21404 97819 
21468 97812 
21569 97235 
21659 97199 
21847 96333 
21966 94513 
22444 94239 
22636 94095 
22712 93315 
22754 93255 
22795 93215 
22830 92475 
22943 91413 
23012 90034 
23098 89421 
23230 88625 
23282 88185 
23427 87845 
23469 87785 
23510 87745 
23545 87005 
23569 85827 
23685 85700 
23822 85031 
23847 84992 
23938 84948 
24002 84770 
24030 84323 
24107 84235 
24122 84063 
24158 84033 
24159 82990 
24340 82947 
24357 82415 
24377 82025 
24530 81354 
24622 80729 
24648 80514 
24740 79889 
24974 79834 
24990 79288 
25108 78448 
25200 77823 
25486 77693 
25621 77053 
25713 76428 
25849 75911 
25941 75286 
26059 74523 
26151 73898 
26296 73886 
26437 73768 
26672 73685 
26709 73556 
26735 73341 
26827 72716 
26960 72494 
27105 72482 
27188 72067 
27407 71394 
27506 71328 
27608 70964 
27864 70885 
27997 70663 
28071 70002 
28284 69782 
28311 69692 
28417 69560 
28516 69482 
28599 68912 
28617 68836 
28660 68648 
28687 68624 
28705 68548 
28920 68293 
29028 68199 
29060 68023 
29120 67574 
29381 67366 
29574 67305 
29729 66889 
29742 66731 
29858 66385 
29918 66221 
29970 65798 
30078 65704 
30118 65502 
30170 65079 
30537 64900 
30679 64554 
30791 64452 
30840 64397 
30853 64239 
30908 63890 
31125 63581 
31192 63247 
31291 63090 
31386 61906 
31482 61887 
31538 61342 
31630 60717 
31748 60688 
31802 60141 
31920 60112 
31941 59850 
32003 59780 
32113 59274 
32231 59245 
32425 58943 
32543 58914 
32550 58877 
32564 58652 
32571 58615 
32626 58582 
32736 58076 
32854 58047 
32861 58010 
33163 57438 
33302 57400 
33373 57248 
33380 57211 
33435 57178 
33545 56672 
33870 56266 
34233 55666 
34383 55261 
34724 55232 
34936 54939 
35129 54529 
35341 53611 
35732 53488 
35938 53125 
36137 52686 
36197 52654 
36308 52506 
36336 52363 
36373 52263 
36508 51787 
37002 51327 
37221 51002 
37405 50843 
37926 50630 
38024 50270 
38086 50209 
38420 50170 
38645 50110 
38860 50107 
38909 50065 
39029 49917 
39306 49862 
39550 49704 
39590 49431 
40333 49205 
40533 49139 
40810 49084 
40854 48992 
41279 48910 
41507 48898 
41541 48660 
41901 48650 
41937 48619 
41971 48043 
42170 47304 
42376 47248 
42911 47220 
42997 46502 
43068 46381 
43240 45805 
43267 45642 
43439 45066 
44940 45006 
45192 44548 
45426 44513 
45461 44104 
45860 43920 
46151 43551 
46350 42812 
47350 42664 
47514 42587 
47731 42043 
48082 41792 
48664 41721 
49044 41601 
49046 41358 
49196 40678 
49521 40544 
49612 40492 
49744 40324 
50091 40304 
50101 39540 
50529 39410 
50705 39299 
50871 39298 
50959 39297 
51270 39082 
51326 39074 
51358 38983 
51370 38930 
51426 38866 
51485 38373 
51662 37801 
52299 37753 
52485 37216 
52497 37163 
52642 37004 
52861 36908 
52957 36856 
53321 36601 
53867 36527 
53972 36037 
54405 35932 
54417 35879 
54492 35547 
54795 35452 
54807 35399 
55159 35197 
55171 35144 
55778 34887 
55790 34834 
56142 34632 
56154 34579 
56881 34495 
56893 34442 
56946 34426 
57249 34331 
57261 34278 
57295 34251 
57408 34186 
57833 34180 
57845 34127 
57882 34053 
57969 34003 
58015 33929 
58232 33766 
58244 33713 
58419 33699 
58722 33663 
58727 33647 
58792 33576 
58853 33541 
59118 33537 
59184 33451 
59193 33414 
59309 33408 
59371 33384 
59496 33319 
59710 33288 
59744 33261 
59805 33226 
59817 33173 
59847 32987 
59891 32894 
60194 32799 
60206 32746 
60693 32723 
60787 32714 
60830 32422 
60842 32369 
61177 32234 
61189 32181 
61975 32150 
62064 32141 
62195 32140 
62339 32135 
62411 31953 
62423 31900 
62443 31788 
62515 31741 
63067 31464 
63414 31276 
64648 30995 
64932 30985 
64944 30561 
66255 30382 
66407 30324 
66484 30307 
66719 30169 
66728 30114 
67238 29817 
67250 29764 
67399 29081 
68617 29004 
69007 28524 
69362 28290 
70083 27857 
71047 27849 
71089 27816 
71188 27800 
71310 27500 
72168 27284 
72331 27284 
72948 27253 
72961 27122 
73093 26771 
74974 26752 
75092 26706 
75098 26243 
76022 26155 
76332 25962 
77005 25590 
77329 25528 
78239 25309 
78563 25247 
79301 25216 
79820 25178 
79998 25174 
80069 25068 
80188 24889 
80422 24681 
81881 24412 
82718 24307 
83237 24269 
83239 23799 
84607 23779 
85811 23749 
86356 23520 
87169 23136 
89368 23070 
89692 23008 
90181 22686 
91549 22666 
91873 22604 
92579 22603 
92795 22524 
93172 22475 
93496 22413 
93661 22383 
94038 22334 
94766 22326 
94823 22265 
95176 22206 
95640 22191 
95665 22114 
96042 22065 
96200 21948 
96271 21713 
97703 21691 
98408 21641 
98541 21572 
99366 21183 
100040 20983 
100289 20873 
100804 20824 
101053 20714 
101055 20685 
101369 20602 
101546 20576 
101750 20538 
102969 20409 
102984 20257 
103043 20204 
103233 20147 
104671 19885 
105046 19642 
105815 19360 
107580 19142 
108350 19111 
108690 18926 
109584 18873 
109798 18859 
110640 18855 
110802 18643 
111696 18590 
112752 18572 
113135 18564 
113237 18531 
115795 18331 
119162 18269 
121944 18144 
123381 18082 
124379 18032 
127358 17934 
128435 17810 
129600 17793 
130843 17790 
131737 17737 
132068 17379 
133609 17320 
139445 16989 
