16824 149277 
16927 143906 
17458 143870 
17461 143701 
17481 142009 
17536 140348 
17591 139721 
17639 139511 
17642 139342 
17690 137591 
17782 136415 
17933 134242 
18201 133579 
18204 133410 
18212 133239 
18236 131636 
18239 131467 
18434 130453 
18528 129968 
18534 129114 
18542 128765 
18588 128439 
18766 127579 
18783 127425 
18801 126989 
18848 125990 
18910 125847 
18953 125229 
19072 124804 
19077 123844 
19180 123676 
19183 123507 
19197 122962 
19204 122506 
19381 122243 
19383 121069 
19418 120356 
19448 117046 
19859 116703 
19905 116451 
19928 116376 
20049 113905 
20119 113860 
20225 113001 
20231 112131 
20462 111376 
20487 111375 
20638 110472 
20643 109727 
20799 109209 
20804 108378 
21001 107512 
21093 107399 
21109 106736 
21269 106495 
21274 105664 
21350 104484 
21522 104207 
21547 104206 
21579 104022 
21612 102858 
21788 101954 
21975 101258 
22037 101209 
22056 100937 
22151 100354 
22243 100241 
22329 99878 
22400 99609 
22419 99337 
22430 98963 
22603 98526 
22692 98278 
22734 98276 
22766 98092 
22768 97841 
22800 97657 
22801 97652 
22805 97134 
22832 96808 
22915 96641 
23059 96627 
23116 95772 
23152 95443 
23218 94605 
23304 93652 
23365 93189 
23393 92832 
23418 92831 
23468 91902 
23527 91292 
23725 91177 
23831 90302 
23890 89692 
23914 89686 
23973 89076 
24006 89061 
24065 88451 
24122 87579 
24234 85964 
24605 84485 
24697 83860 
25084 83693 
25108 83679 
25112 83207 
25140 82525 
25146 82409 
25455 82214 
25494 81805 
25547 81589 
25604 81560 
25647 81247 
25653 81131 
25663 80950 
25892 80488 
25976 80339 
25990 80254 
25996 80138 
26035 79729 
26082 79629 
26219 78556 
26662 78154 
26668 78038 
26831 78000 
26878 77666 
26974 77596 
27037 77508 
27045 77353 
27064 76689 
27095 76659 
27190 74858 
27645 74667 
28055 73376 
28369 72662 
28411 71901 
28779 71371 
28821 70610 
29264 70208 
29270 70092 
29607 69884 
29687 69764 
29864 69480 
29875 68975 
30017 68593 
30269 68593 
30500 68346 
30621 68051 
30642 67964 
30799 67728 
30805 67612 
31070 67533 
31123 67148 
31187 66839 
31377 66571 
31383 66455 
31648 66376 
31779 66164 
31879 66129 
31918 65947 
32000 65373 
32427 65065 
32501 64992 
32592 64518 
32714 64412 
32940 64406 
32943 64342 
32961 64237 
32967 64121 
32967 63896 
32980 63825 
33001 63656 
33007 63540 
33158 63092 
33291 62958 
33307 62481 
33488 62446 
33499 62360 
33515 62161 
33543 61993 
33618 61614 
33805 61463 
33832 61178 
33986 61150 
33996 60808 
34132 60119 
34413 60007 
34510 59313 
34736 58566 
34850 58192 
35228 57386 
35599 55698 
35990 55681 
36003 55385 
36030 55100 
36241 54998 
36355 54624 
36381 54579 
36408 54294 
36733 53818 
37124 53801 
37137 53505 
37164 53220 
37502 52995 
37515 52699 
37542 52414 
38063 52201 
38081 52034 
38329 51939 
38535 51898 
38602 51821 
38648 51562 
38701 51232 
38810 51115 
38846 51031 
39003 51011 
39026 50756 
39088 50675 
39138 50535 
39343 50532 
39457 50158 
39795 49933 
39835 49352 
40356 49139 
40374 48972 
40622 48877 
40684 48796 
40895 48759 
40939 48653 
41004 48445 
41103 48053 
41139 47969 
41369 47724 
41431 47473 
42122 47404 
42134 46721 
42708 46375 
44512 45948 
45098 45940 
45109 45841 
45150 45733 
45282 45706 
45308 45518 
45648 45333 
45722 45291 
45729 44772 
46315 44764 
46468 44692 
46499 44530 
46587 44529 
47046 44328 
47189 44259 
47385 43396 
47533 42226 
48081 42225 
48241 42184 
48421 42040 
48639 41898 
48656 40937 
48815 40409 
49731 39992 
49911 39848 
50071 39807 
50194 39307 
50374 39163 
50534 39122 
50714 38978 
50901 38966 
51081 38822 
51399 38542 
51443 38161 
51623 38017 
51783 37976 
51920 37892 
51963 37832 
52100 37748 
52260 37707 
52323 37684 
52355 37669 
52440 37563 
52503 37540 
52648 37396 
52692 37106 
52764 36979 
52872 36962 
52944 36835 
53131 36823 
53170 36565 
53350 36421 
53537 36409 
53647 36296 
53717 36265 
53827 36152 
53944 36149 
53987 36111 
54149 36070 
54167 35967 
54311 35895 
54419 35510 
54599 35366 
54759 35325 
54939 35181 
55126 35169 
55149 35167 
55306 35025 
55380 34977 
55402 34945 
55421 34645 
55583 34470 
55847 34435 
55894 34431 
55966 34426 
56056 34256 
56130 34170 
56167 34046 
56329 33871 
56593 33836 
56640 33832 
56802 33657 
56876 33571 
56968 33561 
56982 33513 
57150 33481 
57192 33425 
57349 33357 
57441 33347 
57613 33322 
57623 33267 
57665 33211 
57714 32962 
57901 32950 
57965 32948 
57978 32927 
58007 32892 
58175 32860 
58187 32748 
58374 32736 
58451 32713 
58554 32592 
58697 32397 
58884 32385 
58961 32362 
58990 32327 
59170 32183 
59357 32171 
59434 32148 
59468 31978 
59628 31937 
59845 31929 
59879 31923 
59892 31902 
59941 31764 
60072 31758 
60101 31723 
60175 31637 
60281 31579 
60451 31413 
60611 31372 
60828 31364 
60875 31337 
60924 31199 
61055 31193 
61084 31158 
61158 31072 
61264 31014 
61451 31002 
61536 30978 
61631 30858 
61864 30846 
61895 30823 
61925 30754 
62034 30727 
62243 30637 
62337 30632 
62349 30511 
62613 30476 
62652 30416 
62664 30363 
62822 30297 
63030 30290 
63031 30207 
63125 30202 
63137 30149 
63162 30112 
63332 29946 
63596 29911 
63635 29851 
63647 29798 
63805 29732 
64013 29725 
64014 29642 
64108 29637 
64120 29584 
64251 29578 
64380 29569 
64384 29549 
64448 29452 
64460 29399 
64781 29324 
64827 29243 
65091 29208 
65254 29110 
65826 29074 
65961 28769 
66481 28741 
66664 28722 
66848 28585 
66993 28538 
67004 28537 
67253 28523 
67257 28503 
67321 28406 
67333 28353 
67534 28283 
67700 28197 
67862 28151 
67874 28098 
68230 28090 
68241 27942 
68834 27723 
69623 27447 
69970 27393 
70091 27260 
70507 27204 
70761 27135 
71128 26979 
72398 26893 
72662 26858 
73111 26810 
73244 26577 
73532 26419 
74089 26394 
74245 26336 
74970 26332 
74991 26150 
75496 26054 
75648 26017 
76317 26016 
76361 25934 
77030 25933 
77184 25865 
77187 25577 
77900 25494 
79005 25437 
79303 25175 
79683 25163 
80016 25092 
81137 24825 
81963 24777 
83861 24740 
84051 24732 
84094 24638 
84418 24576 
84825 24539 
85158 24468 
85650 24455 
86213 24415 
86247 24391 
86477 24260 
86884 24223 
87288 24164 
87569 24147 
87612 24102 
87621 24008 
87936 23991 
88343 23954 
88593 23858 
89000 23821 
89874 23816 
90078 23749 
90384 23703 
90388 23697 
90413 23671 
90815 23534 
91130 23517 
91456 23490 
91528 23451 
91737 23374 
92194 23347 
92397 23208 
93578 23196 
93933 23170 
93937 23099 
94214 23054 
94584 23047 
94650 23016 
94874 22888 
94878 22817 
95591 22734 
96146 22730 
96513 22574 
97355 22497 
98068 22414 
98990 22254 
100734 22105 
101560 21765 
103768 21758 
103996 21627 
104741 21513 
105434 21350 
105781 21296 
106526 21182 
107995 21119 
108342 21065 
108612 21038 
109087 20951 
110472 20799 
110819 20745 
111564 20631 
112563 20596 
113308 20482 
114634 20424 
115392 20421 
115739 20367 
116452 20284 
116484 20253 
117487 20216 
117519 20185 
119987 20129 
121778 20089 
122343 19963 
123088 19849 
124779 19825 
125519 19734 
