14375 213068 
14431 212438 
14462 212041 
14524 211907 
14555 211805 
14561 209650 
14584 208654 
14640 208024 
14671 207627 
14682 206761 
14738 206131 
14781 205458 
14785 187306 
14813 182036 
14997 181344 
15021 177974 
15205 177282 
15223 175282 
15231 174585 
15271 172618 
15292 170879 
15354 170567 
15373 168277 
15465 167416 
15496 166836 
15529 166121 
15550 165949 
15551 164498 
15590 164223 
15643 163637 
15674 163057 
15704 162774 
15713 162317 
15746 161859 
15808 161281 
15836 160876 
15839 160701 
15866 160593 
15869 160418 
15901 158844 
15929 158439 
15932 158264 
16005 157729 
16112 157216 
16163 156517 
16191 155691 
16205 154779 
16285 153616 
16353 153510 
16363 149769 
16477 145521 
16611 145363 
16614 145188 
16665 144912 
16677 144205 
16761 143100 
16776 143007 
16825 142936 
16842 141849 
16874 140724 
16981 139968 
17053 138320 
17205 137762 
17295 137700 
17340 137425 
17385 136776 
17421 136174 
17483 136149 
17541 135731 
17564 135219 
17601 135188 
17637 134900 
17645 133968 
17817 133914 
17825 132982 
17931 132535 
17979 132444 
17980 132330 
18016 132293 
18044 132166 
18061 131079 
18181 130636 
18188 130395 
18203 130238 
18241 130093 
18260 130039 
18319 129186 
18341 128788 
18499 128200 
18521 127802 
18619 127349 
18744 127043 
18799 126363 
18915 126113 
18990 125674 
18999 125191 
19119 124748 
19176 124549 
19179 124205 
19257 123298 
19394 123176 
19397 123001 
19421 122678 
19437 122312 
19478 122071 
19542 121907 
19559 120820 
19686 120136 
19739 119834 
19859 119391 
19866 119150 
20072 118824 
20108 118591 
20130 118138 
20185 117063 
20359 116790 
20584 116215 
20637 116178 
20757 115735 
20764 115229 
20789 114835 
20937 114749 
20962 114464 
21014 114260 
21067 114223 
21097 114219 
21104 114089 
21167 113484 
21194 113274 
21247 113237 
21325 112330 
21527 112264 
21567 111622 
21597 111529 
21650 111492 
21694 110673 
21841 110479 
21867 110193 
21892 109908 
22034 109533 
22150 108891 
22186 108766 
22283 108212 
22392 108189 
22417 107904 
22483 107881 
22534 107814 
22564 107492 
22580 107476 
22607 107266 
22672 106364 
22908 106286 
22919 105810 
22926 105803 
22927 105651 
22944 104438 
23089 103710 
23357 103587 
23366 102102 
23509 102090 
23530 101566 
23649 100960 
23792 100948 
23846 100740 
23872 100333 
23937 100220 
23958 99994 
24024 98836 
24036 98674 
24062 98267 
24148 97928 
24202 97396 
24214 96770 
24468 96209 
24497 95628 
24751 95067 
24953 94141 
25207 93580 
25271 93520 
25651 93447 
25723 93435 
26023 93419 
26074 91471 
26372 91415 
26538 91069 
26672 90761 
26685 90651 
26816 90554 
26828 89928 
26962 89620 
26975 89510 
27128 89274 
27141 89164 
27191 88790 
27338 88372 
27498 87960 
27602 87820 
27647 87303 
27781 86818 
27861 86559 
28035 86434 
28048 86324 
28071 85677 
28160 85481 
28463 85429 
28761 85245 
28762 84351 
28907 84311 
29044 84087 
29119 83972 
29129 83565 
29197 82914 
29451 82353 
29551 82168 
29579 81980 
29598 81935 
29697 81808 
29774 81429 
29833 81419 
29933 81231 
29944 81173 
29956 80547 
30090 80239 
30100 80226 
30112 79600 
30366 79039 
30525 78843 
30532 78455 
30616 78157 
30673 77983 
30786 77894 
30870 77596 
30927 77422 
31055 76645 
31177 76540 
31309 76084 
31431 75979 
31468 75888 
31518 75878 
31598 75736 
31602 75580 
31616 75028 
31825 74822 
31870 74467 
32029 74271 
32079 74261 
32159 74119 
32196 74028 
32245 74015 
32276 73753 
32332 72220 
32607 71715 
32861 71154 
32931 70967 
33024 70265 
33319 70098 
33463 69931 
33492 69350 
33626 69042 
33644 69032 
33746 68789 
33880 68481 
34424 68258 
34443 67556 
34726 66414 
35098 65950 
35352 65389 
35692 65198 
35776 64541 
35844 63803 
36039 63795 
36434 63776 
36494 62667 
36520 61433 
37055 61050 
37347 60068 
37854 59574 
38048 59316 
38583 58933 
38751 58773 
38877 58160 
39043 57791 
39554 57549 
39578 57408 
39799 56676 
40875 56666 
40947 56664 
41045 56407 
41049 55997 
41077 55891 
41616 55795 
41637 55563 
41782 55362 
41819 54768 
42171 53669 
42579 53435 
42677 52807 
42787 52217 
43547 50884 
44362 50730 
44486 50240 
44962 49109 
45817 48993 
45850 48587 
45973 48241 
46118 48040 
46272 47396 
46610 47254 
46625 46924 
46753 46733 
46878 46707 
47126 46396 
47149 46395 
47165 46364 
47271 46195 
47272 46110 
47375 46087 
47417 45909 
47521 45801 
47684 45741 
47787 45718 
47829 45530 
47933 45432 
48080 45393 
48117 45314 
48225 45192 
48241 45161 
48263 45028 
48408 44844 
48554 44558 
48723 44414 
48724 44329 
48827 44306 
48869 44128 
48924 43969 
49070 43683 
49336 43600 
49441 43514 
49482 43314 
49853 43145 
49860 43063 
49902 43031 
50006 42777 
50272 42694 
50314 42662 
50376 42188 
50522 41902 
50788 41819 
50934 41533 
51262 41415 
51349 41406 
51453 41405 
51494 41205 
51686 40536 
51901 40028 
52464 39404 
52820 39168 
53311 39094 
53344 39000 
53486 38726 
53812 38632 
53842 38490 
53933 37935 
54667 37817 
55026 37285 
55230 37193 
55343 37001 
55376 36907 
55732 36671 
56439 36609 
56585 36323 
56956 36154 
57417 35548 
59200 35335 
60583 35234 
60933 35222 
60949 34749 
60971 34620 
61235 34499 
62205 34430 
62292 34298 
62311 34243 
62785 34156 
62871 33915 
62893 33786 
63145 33619 
63409 33498 
63554 33488 
64261 33426 
64507 33113 
64894 33111 
64954 32977 
65067 32785 
65454 32783 
65863 32652 
65899 32133 
66365 31785 
66510 31606 
66587 31559 
66787 31500 
67009 31246 
67122 31054 
67305 30525 
67418 30333 
67726 29670 
68344 29446 
69024 29444 
69137 29252 
69462 29100 
69679 28943 
69980 28839 
70273 28767 
70281 28695 
70652 28526 
70799 28434 
71304 28402 
71417 28210 
72273 28042 
72833 27921 
72849 27904 
72980 27829 
73220 27735 
73367 27643 
73872 27611 
74136 27547 
74226 27315 
74356 27250 
74503 27158 
75233 26998 
75940 26936 
76480 26848 
76704 26756 
76777 26189 
77491 26128 
78738 25978 
79294 25779 
80174 25721 
80836 25580 
81718 24912 
84468 24865 
85620 24564 
86138 24303 
86570 24099 
88634 24085 
89168 24003 
89220 23968 
89405 23898 
89476 23840 
90421 23473 
91286 23305 
92698 23283 
94124 23104 
95924 22860 
96097 22615 
96633 22586 
97722 22514 
97757 22198 
98928 22149 
99389 21921 
99925 21892 
100098 21647 
101187 21575 
101847 21164 
104981 21120 
105499 21020 
107280 20881 
107656 20826 
107878 20621 
109293 20565 
109659 20482 
109883 20383 
110178 20354 
110807 20202 
111672 20166 
113453 20027 
113775 19713 
118789 19687 
119672 19436 
121453 19297 
122962 19260 
123488 19209 
123956 19091 
124704 19084 
124776 19073 
125580 18992 
126229 18943 
126407 18910 
126457 18869 
126466 18849 
126723 18834 
128044 18800 
128774 18736 
129666 18726 
130063 18550 
131007 18489 
132503 18476 
132746 18450 
133838 18450 
133860 17999 
134292 17781 
135744 17570 
136039 17478 
136471 17260 
138194 17257 
138499 17169 
138516 17083 
138816 16886 
138999 16765 
139431 16547 
142958 16504 
143419 16450 
143654 16422 
143724 16362 
143936 16322 
144006 16262 
145505 16132 
146936 16075 
147326 16001 
147394 15965 
148167 15826 
148776 15814 
148846 15754 
149128 15654 
150804 15372 
153712 15340 
154994 15223 
156780 15220 
158066 15151 
160246 15107 
160316 15047 
160382 14859 
162827 14689 
163918 14686 
164223 14598 
165740 14586 
166150 14414 
168215 14325 
169202 14278 
169507 14190 
170142 14141 
170630 14106 
171938 14089 
172062 14070 
172191 13934 
173499 13917 
173943 13905 
174622 13833 
175930 13816 
176054 13797 
177085 13785 
177714 13749 
178485 13696 
178968 13458 
