18416 137196 
18533 134251 
18768 132298 
18948 131035 
18953 130329 
19188 129773 
19248 129558 
19368 128860 
19406 128846 
19471 128731 
19476 128025 
19530 127753 
19566 127540 
19586 127338 
19620 126835 
19648 125247 
19947 122733 
20248 122086 
20320 121047 
20367 120558 
20385 119446 
20650 119443 
20708 118986 
20728 118405 
20890 118254 
20895 117548 
20908 117142 
20913 116436 
21088 116156 
21191 116000 
21328 114967 
21366 114953 
21528 114557 
21546 113445 
21798 113387 
21838 112586 
21892 112455 
21928 112442 
22013 111768 
22172 111572 
22205 110511 
22374 110002 
22461 109859 
22583 109359 
22586 107930 
22756 107228 
22766 106944 
23032 105490 
23184 105250 
23261 105163 
23281 104348 
23301 104146 
23461 103319 
23661 103315 
23689 103299 
23690 102980 
23701 102673 
23738 102572 
23758 102370 
23786 102265 
23842 100738 
23919 100651 
24001 100542 
24022 99752 
24099 99665 
24119 98807 
24278 98611 
24300 98549 
24377 98462 
24464 97560 
24567 96898 
24577 96618 
24826 96051 
24903 95964 
24949 95805 
25031 95088 
25103 94120 
25223 93831 
25382 93635 
25546 93605 
25567 92310 
25686 91703 
25769 91653 
25896 91619 
25928 91457 
25970 91123 
26010 91107 
26015 90401 
26089 88977 
26222 88925 
26387 88158 
26490 88002 
26546 87962 
26608 87426 
26670 87016 
26732 86911 
26829 86820 
26896 86796 
26958 86691 
27036 86636 
27074 86600 
27088 86375 
27108 86320 
27130 86129 
27151 86124 
27216 85650 
27309 85643 
27371 85233 
27413 84987 
27437 84918 
27475 84882 
27540 84762 
27575 84068 
27720 83776 
27782 83671 
27879 83580 
27911 83387 
28035 82872 
28256 82140 
28421 81993 
28519 81611 
28673 81411 
28675 81353 
28740 80879 
28864 80364 
28981 80278 
29062 79667 
29085 79632 
29283 79577 
29309 79366 
29326 79031 
29502 78903 
29504 78845 
29520 78703 
29591 78636 
29647 78397 
29670 77891 
29771 77882 
29810 77770 
29891 77159 
29992 77150 
30002 76845 
30079 76833 
30093 76628 
30155 76523 
30236 75912 
30239 75527 
30326 74882 
30397 74815 
30414 74480 
30697 73338 
31116 72551 
31323 72313 
31477 72295 
31656 71989 
31701 71642 
31848 70987 
32259 70772 
32664 70479 
32678 69985 
32834 69977 
32885 69747 
33039 69729 
33159 68922 
33503 68466 
33566 68464 
33658 68458 
33733 68315 
33879 68165 
33974 67872 
34027 67147 
34393 67099 
34402 65999 
34731 65893 
34905 65291 
35018 65118 
35208 64866 
35220 64001 
35393 63970 
35524 63912 
35549 63895 
35557 63850 
35734 63379 
35933 63211 
35980 62668 
36009 61984 
36515 61883 
36693 61878 
36760 61846 
36763 61183 
36924 61182 
37062 61167 
37096 60173 
37395 60157 
37523 59850 
37566 59698 
37704 59654 
37745 59039 
37856 58840 
38027 58381 
38137 58344 
38165 58337 
38393 58333 
38431 57865 
38442 57793 
38579 57782 
38587 57745 
38588 57093 
38655 57061 
38736 57010 
38984 56955 
39045 56928 
39065 56904 
39340 56583 
39401 56300 
39464 55167 
39965 54920 
40172 54280 
40298 53910 
40455 53138 
40999 52915 
41125 52545 
41538 51925 
41935 51614 
42092 50842 
42842 50639 
43018 50401 
43175 49629 
43416 49363 
43855 48359 
44002 48264 
44395 48073 
44890 47961 
45444 47841 
45478 47654 
45719 47388 
46099 47282 
46120 47050 
46191 46864 
46238 46321 
46305 46289 
46546 46023 
46813 45395 
47014 45242 
47045 45095 
47066 44863 
47550 44383 
47594 44273 
47841 43877 
48043 43842 
48277 43738 
48349 43614 
48377 43018 
48703 42567 
48973 42293 
49187 42087 
49509 41434 
50014 40722 
50589 40370 
50988 39978 
51010 39741 
51158 39660 
51524 39119 
52285 38854 
52333 38754 
52754 38593 
52759 38429 
53539 38267 
53715 38262 
53781 38052 
53935 37893 
54338 37831 
54352 37527 
54892 37128 
55178 36986 
55387 36898 
55544 36445 
56500 36278 
56774 35919 
57250 35700 
57687 35559 
57827 35481 
57843 34943 
58397 33771 
61459 33584 
61549 33519 
61862 32902 
63356 32845 
63784 32771 
64060 32542 
64125 32196 
64554 32167 
64922 32145 
65199 32013 
65349 31985 
65411 31806 
65591 31568 
65905 31567 
66127 31341 
66496 31271 
66643 31223 
66742 31159 
67378 31094 
67739 30771 
67940 30481 
68811 30313 
69182 29782 
70019 29754 
70441 29415 
70655 29309 
70877 29083 
71104 28948 
71738 28673 
72363 28581 
72577 28475 
72689 27772 
74863 27703 
74894 27649 
74946 27449 
74999 26883 
75507 26757 
75801 26639 
76070 26395 
76799 26353 
77068 26109 
78214 26094 
78353 26075 
78508 25976 
78777 25732 
78993 25729 
79172 25592 
79897 25486 
80435 25224 
80955 24777 
81590 24620 
81643 24133 
82381 24093 
82661 23946 
82877 23943 
82946 23833 
83684 23793 
84110 23703 
84180 23643 
84422 23561 
84844 23541 
84986 22796 
92015 22460 
92603 22426 
92975 22070 
93960 21577 
94746 21523 
95601 21051 
95882 21038 
96114 20987 
98627 20985 
99528 20980 
99878 20549 
101181 20392 
101519 20023 
106055 19802 
108323 19769 
108719 19656 
109601 19649 
111112 19525 
111896 19162 
112854 19123 
114451 19042 
115285 19022 
115915 18676 
